version https://git-lfs.github.com/spec/v1
oid sha256:b1a952d5a0c1f34de3f7487224f6c70905cc0e5fbf0f9ff993c0e7c7b43af799
size 190179232
